每幅图像的标定误差：
第1幅图像的平均误差：0.108534像素
第2幅图像的平均误差：0.0950615像素
第3幅图像的平均误差：0.123492像素
第4幅图像的平均误差：0.136963像素
第5幅图像的平均误差：0.086885像素
第6幅图像的平均误差：0.100968像素
第7幅图像的平均误差：0.125645像素
总体平均误差：0.111078像素

相机内参数矩阵：
1095.01	0	714.296	
0	1099.34	539.967	
0	0	1	
畸变系数：
[-35.1757076224121, 293.1004868892926, -0.003410876522553561, -0.004325884548653601, 554.4632480260717, -35.2323791797877, 295.0622490048378, 536.4252691515846, 0, 0, 0, 0, 0, 0]


第1幅图像的旋转向量：
[50.26292320223492;
 -29.67257886901441;
 264.5731033302495]
第1幅图像的旋转矩阵：
[0.735643279303116, -0.6768817272093104, -0.02569227483696992;
 0.6657566400437624, 0.7295046174988077, -0.1568155262898368;
 0.1248881974159197, 0.09825548543495755, 0.9872936734974773]
第1幅图像的平移向量：
[-0.0281810477301638;
 -3.046481869310354;
 -0.07242861284311514]

第2幅图像的旋转向量：
[27.24294149355327;
 -29.45880341736306;
 284.1493615827021]
第2幅图像的旋转矩阵：
[-0.4550398848809288, 0.8605952619002016, 0.2287236287804005;
 -0.8892131536362154, -0.452799731993324, -0.06536336976556591;
 0.04731459149022894, -0.2331269995124917, 0.9712945647590204]
第2幅图像的平移向量：
[-0.2449184792025742;
 -2.913974334440078;
 -0.06561549943236647]

第3幅图像的旋转向量：
[-110.9371053114682;
 0.556180850321581;
 291.2563597387833]
第3幅图像的旋转矩阵：
[-0.5677789926297083, 0.5654586578175826, -0.598233668249733;
 -0.5677392901647529, -0.7952233494525932, -0.2128189909021783;
 -0.5960697223745023, 0.2188066058978498, 0.772544209274684]
第3幅图像的平移向量：
[2.714546199364589;
 0.2275818176784182;
 -0.07296670852793466]

第4幅图像的旋转向量：
[89.88998505075064;
 -90.40453971170706;
 317.4458169149426]
第4幅图像的旋转矩阵：
[-0.8072467189170307, -0.4480953755984014, 0.3841396479992869;
 0.1784814171756922, -0.8057077675912472, -0.5647825926549839;
 0.5625807662199669, -0.3873571060539053, 0.7303816494606769]
第4幅图像的平移向量：
[0.3528408063839366;
 2.814444500211379;
 -0.7092098553877169]

第5幅图像的旋转向量：
[-55.92480919117292;
 65.3368931424321;
 290.1873729931719]
第5幅图像的旋转矩阵：
[0.4973453929335413, -0.8620868231384732, 0.09723101099338799;
 0.8205695122191662, 0.5038294329051735, 0.2698547352833574;
 -0.2816260565788986, -0.05442620609105742, 0.9579794112330142]
第5幅图像的平移向量：
[-3.090361432919013;
 -0.2474123827385505;
 -0.08542666336458922]

第6幅图像的旋转向量：
[-62.11000420277298;
 31.96190160941123;
 296.0720323301024]
第6幅图像的旋转矩阵：
[-0.783149176616332, -0.5353968632048129, -0.3162713487428288;
 0.455563372013519, -0.8401762237374085, 0.29422088156013;
 -0.4232486045397353, 0.08633719903260038, 0.9018905181996161]
第6幅图像的平移向量：
[2.982694623770359;
 0.5630414528345103;
 0.194989017956013]

第7幅图像的旋转向量：
[91.68892302980687;
 -73.38515769248869;
 302.9323268978598]
第7幅图像的旋转矩阵：
[-0.1520653447649707, 0.8225647654352664, 0.5479628980012566;
 -0.9821432421291787, -0.1878946628605519, 0.009499874130997898;
 0.1107735657162658, -0.5367334555745007, 0.8364486922732074]
第7幅图像的平移向量：
[0.05799414456562137;
 3.025825189703907;
 -0.6852629685395937]


