# MVE view meta data is stored in INI-file syntax.
# This file is generated, formatting will get lost.

[camera]
focal_length = 0.9813809991
pixel_aspect = 1
principal_point = 0.5 0.5
rotation = 1 7.036847092e-05 0.0005884285201 -7.002687926e-05 0.9999995232 -0.001218493911 -0.000588521827 0.001218429999 0.9999995232
translation = -0.01016503945 0.01046491694 0.06190784276

[view]
id = 0
name = IMG_0191
