# MVE view meta data is stored in INI-file syntax.
# This file is generated, formatting will get lost.

[camera]
focal_length = 0.9641671181
pixel_aspect = 1
principal_point = 0.5 0.5
rotation = 0.9995388985 -0.008564889431 0.02991666645 0.009287903085 0.9996964931 -0.02325392887 -0.02971305139 0.02352900617 0.9993131757
translation = 0.1721698344 1.965086579 0.01761160605

[view]
id = 2
name = IMG_0193
