# MVE view meta data is stored in INI-file syntax.
# This file is generated, formatting will get lost.

[camera]
focal_length = 0.9713821411
pixel_aspect = 1
principal_point = 0.5 0.5
rotation = 0.9997817874 -0.01283167582 0.01649667509 0.01306532882 0.9998148084 -0.01414670795 -0.01631197706 0.01435913239 0.999764204
translation = 0.06976164132 0.9913038015 0.02810928226

[view]
id = 1
name = IMG_0192
